2MASS_ID l b Ks0 J-Ks0 rv rv_err S/N EW1 EW2
0008452+235019 110.52 -38.00 11.6 0.92 -177.5  5.3 29 0.4  0.4
0010008+395243 114.36 -22.30 11.5 0.97 -128.0  5.1 27 0.5  0.8
0014415+371817 114.88 -24.99 10.9 0.99 -138.4  2.8 25 1.4  1.4
0015168+465156 116.53 -15.56 11.1 0.93 -160.9  3.4 36 1.0  1.2
0017402+462638 116.89 -16.03 11.3 0.94 -165.9  5.5 30 1.3  1.3
0022430+422802 117.30 -20.09 12.0 0.90 -149.7  5.3 30 0.6  0.8
0028312+401724 118.20 -22.37 11.3 0.94 -132.0  8.2 27 0.6  0.8
0034442+460719 119.91 -16.65 10.9 0.99 -141.8  5.1 23 0.9  1.0
0040357+384313 120.62 -24.10 10.8 1.00 -153.0  2.2 31 0.9  1.0
0047532+401734 122.20 -22.57 10.0 1.11 -132.0  1.9 28 1.1  1.2
0048394+422949 122.39 -20.37 10.6 1.01 -146.7  3.0 36 1.0  1.0
0051100+463939 122.88 -16.21 11.0 1.04 -178.5  3.7 34 0.6  0.8
0052304+393303 123.15 -23.32 10.7 1.02 -136.9  5.6 21 0.9  1.1
0053235+395559 123.34 -22.94 11.0 0.96 -134.1  2.6 26 1.2  1.4
0055509+411360 123.82 -21.63 12.2 0.90 -114.7  3.9 23 1.7  1.3
0058360+450047 124.26 -17.84 11.8 0.88  -71.2  3.1 20 0.7  0.7
0059164+385602 124.60 -23.91 11.7 0.93 -119.9  1.9 22 0.5 -0.7
0104295+451314 125.34 -17.59 11.8 0.87 -114.8  3.9 26 0.6  0.6
0106121+414018 125.89 -21.12  9.8 1.10 -187.2  2.7 26 1.2  1.3
0108205+381304 126.58 -24.53 10.9 1.02 -117.0  1.9 19 1.5  1.5
0109330+392120 126.75 -23.38 10.2 1.08 -128.2  2.0 28 0.7  0.3
0112312+202928 129.59 -42.10 11.8 0.88  -29.3  5.1 17 2.8  0.2
0118006+301415 127.05 -24.32 10.8 0.97  -99.8  5.3 28 1.1  1.3
0118151+414947 128.27 -20.76 11.7 0.93 -132.2  4.1 23 0.8  0.8
0118518+422120 128.33 -20.23  9.9 1.09 -168.7  4.9 26 0.7  1.0
0120563+410332 128.90 -21.47 10.8 1.00 -152.1  4.7 27 1.0  1.4
0123174+335858 130.44 -28.42 11.4 0.94 -111.9  3.3 26 0.6  1.1
0131068+454442 130.13 -16.57 10.6 1.02 -148.9  5.0 10 0.6  0.8
0135157+392625 132.08 -22.65 10.9 0.94 -134.0  3.4 32 1.1  1.2
0135572+445814 131.15 -17.19 10.6 1.04 -115.6  3.7 25 0.9  1.0
0138005+310604 134.53 -30.72 11.8 0.93 -138.6  5.5 20 1.5  1.7
0143280+395547 133.65 -21.86 11.3 0.95  -95.5  2.1 30 0.8  0.8
0145338+284751 137.02 -32.59 10.9 0.96  -91.5  1.7 30 0.5  0.8
0146203+360440 135.19 -25.48 10.5 1.03 -102.8 10.0 17 1.1  1.1
0146291+371501 134.93 -24.34 10.9 0.96 -102.0  2.9 28 0.8  1.0
0146402+440851 133.28 -17.61 11.9 0.86 -109.3  5.1 18 0.5  0.7
0154085+382029 136.23 -22.91 10.5 1.01  -63.3  1.6 22 0.3  0.4
0154522+361326 137.00 -24.91 10.4 1.02  -75.3  1.8 29 0.8  0.8
0155244+410614 135.71 -20.18 10.4 1.03  -99.9  1.5 30 0.9  1.3
0155575+392150 136.31 -21.83 11.3 0.95 -126.7  3.4 33 1.1  1.2
0158234+461103 134.85 -15.13 10.9 0.97  -82.2  3.4 31 1.0  1.0
0159430+344015 138.53 -26.12 10.4 1.07 -127.2  2.3 28 0.9  0.9
0204068+305222 140.83 -29.46 10.5 1.02  -89.5  1.2 24 1.4  1.4
0205311+443659 136.56 -16.29 11.1 0.99 -101.5  3.7 30 1.3  1.3
0208047+433706 137.33 -17.10 11.1 0.97 -122.0  3.3 18 1.2  1.4
0208241+343703 140.44 -25.62 10.0 1.11  -90.7  1.8 31 1.1  1.3
0210532+354315 140.57 -24.42 10.3 1.07  -95.8  2.2 32 1.1  1.2
0215010+391644 140.11 -20.79  9.5 1.13  -89.2  2.2 27 1.3  1.3
0230089+293925 147.32 -28.50 11.2 0.96  -87.1  3.6 27 1.2  1.3
0232082+311429 147.00 -26.88 10.4 1.03  -60.8  3.9 24 1.4  1.4
0232283+430640 141.84 -16.02 11.9 0.93 -130.6  3.5 30 0.8  0.9
0235400+362908 145.29 -21.82 10.3 1.04 -100.1  4.3 22 1.4  1.6
0240181+375140 145.56 -20.18 10.7 1.00  -98.8  4.0 21 1.4  1.4
0242433+283308 150.67 -28.26 10.5 1.07  -65.7  1.8 28 1.0  1.3
0243131+332942 148.22 -23.83  9.5 1.14  -61.5  1.9 25 0.5  0.7
0248112+360447 147.92 -21.06 10.0 1.09  -54.1  1.9 27 0.7  0.9
0248197+380710 146.94 -19.24 11.6 0.93  -75.2  3.7 38 0.9  0.9
0252502+312423 151.27 -24.70 10.1 1.08  -54.9  3.7 25 0.7  0.8
0253000+375204 147.92 -19.03 11.4 0.99 -112.3  3.8 23 0.9  1.2
0254132+395433 147.12 -17.13 11.5 0.92  -81.0  3.8 42 0.7  0.8
0259473+374837 149.19 -18.43 11.0 0.94  -82.3  3.7 39 0.9  0.9
0300140+263657 155.57 -27.97 10.3 1.07  -87.8  1.6 19 1.7  1.7
0305474+271010 156.41 -26.83 11.3 0.91  -68.4  3.1 29 1.0  1.2
0306248+331250 152.94 -21.68 11.4 0.95 -125.6  3.7 27 1.2  1.3
0306391+252506 157.69 -28.18 11.7 0.96  -55.3  1.1 26 0.5  0.5
0307189+263423 157.09 -27.14 10.6 1.02  -95.2  2.5 16 0.7  0.8
0307331+350656 152.07 -19.94 10.1 1.08  -61.1  3.7 26 1.2  1.4
0311305+325132 154.11 -21.40 10.5 1.02 -119.6  3.6 28 0.9  1.0
0318211+315433 155.97 -21.38 11.3 0.92  -36.9  3.6 22 0.9  1.3
0319503+264652 159.51 -25.36 10.0 1.11  -83.5  1.8 27 0.8  0.7
2254402+421852 100.95 -15.52 11.0 0.94 -118.4  3.7 30 1.3  1.4
2311295+415714 103.74 -17.16 11.8 0.92 -204.0  3.7 30 0.9  1.0
2314133+332953 100.65 -25.13 10.9 0.96 -201.4  2.5 28 0.4  0.5
2314262+412531 104.05 -17.86 11.8 0.99 -157.4  3.4 30 1.2  1.5
2314377+440800 105.16 -15.37 10.2 1.05 -180.8  4.8 13 0.4  0.8
2314420+371133 102.36 -21.78 10.4 1.04 -172.6  2.5 27 1.0  1.1
2317414+311304 100.38 -27.52 10.7 1.00  -84.5  2.1 28 0.5  0.8
2318119+435650 105.71 -15.78 10.3 1.04 -196.3  5.5 18 0.5  0.8
2318337+343707 102.05 -24.46  9.9 1.12 -203.9  2.3 33 0.9  1.0
2318590+372440 103.29 -21.91 11.2 0.96 -143.9  2.1 24 0.5  0.8
2332500+404525 107.23 -19.71 11.1 1.06 -170.9  3.3 34 0.9  1.0
2333505+450925 108.86 -15.58 11.4 0.90 -138.8  3.7 32 0.7  0.8
2337246+395922 107.86 -20.71 11.8 0.98 -172.6  5.3 16 0.7  1.0
2338336+400047 108.09 -20.75 10.6 1.04 -145.8  2.4 25 1.3  1.4
2345376+352056 108.09 -25.62 11.7 0.98 -142.7  2.4 42 1.1  1.1
2346094+455731 111.24 -15.43 11.9 0.91 -156.6  3.6 39 1.0  1.1
2348498+454925 111.67 -15.67  9.8 1.10 -112.0  3.3 22 1.0  1.5
2349423+300654 107.37 -30.88 11.8 0.95 -187.2  3.4 34 0.6  0.6
2355440+290121 108.52 -32.29 10.6 0.99 -148.9  3.7 24 1.0  1.2
2358446+355360 111.10 -25.76 10.8 1.03 -117.3  1.9 36 0.9  0.9
2358463+120822 103.21 -48.71 11.5 0.91  -83.0  3.8 31 0.8  0.9
